1.988037109375
1.91943359375
2.05224609375
1.912109375
2.0361328125
1.97705078125
1.96826171875
1.98779296875
1.952392578125
2.1669921875
2.029541015625
2.003173828125
2.03515625
2.0576171875
2.028564453125
2.0205078125
2.111083984375
1.996826171875
2.008544921875
2.026123046875
2.056884765625
2.05859375
2.083251953125
2.020263671875
2.009033203125
2.08447265625
2.001708984375
1.996337890625
2.01123046875
1.983642578125
2.0068359375
2.003662109375
2.02294921875
1.99755859375
2.011474609375
1.976806640625
2.027587890625
2.04345703125
1.986572265625
1.94140625
1.967041015625
1.966064453125
2.023193359375
1.96337890625
1.967041015625
1.93017578125
1.99609375
1.972412109375
2.050048828125
1.98291015625
1.954833984375
1.93408203125
1.963623046875
1.951171875
1.98095703125
1.982666015625
2.03662109375
2.018310546875
1.999755859375
2.015869140625
2.0869140625
1.96728515625
1.9365234375
1.942626953125
1.9814453125
1.9619140625
1.988525390625
2.06640625
1.970458984375
1.94189453125
2.119140625
2.2021484375
2.13427734375
2.13525390625
2.038818359375
2.1416015625
2.1015625
2.03955078125
2.113037109375
2.2548828125
2.07958984375
2.057373046875
2.123779296875
1.93212890625
2.05322265625
1.935546875
1.99755859375
1.951904296875
2.023193359375
1.925048828125
1.944091796875
1.970947265625
2.067626953125
2.005126953125
2.006591796875
1.977783203125
1.937255859375
2.099853515625
2.129638671875
1.9736328125
1.998779296875
1.917236328125
1.953857421875
1.95654296875
1.982666015625
1.926025390625
2.090087890625
1.949951171875
1.94384765625
1.93408203125
1.937744140625
1.95556640625
1.93359375
1.914306640625
1.98876953125
2.080810546875
1.947998046875
1.9482421875
1.9560546875
2.087890625
1.9423828125
1.9453125
2.015625
2.001220703125
1.94580078125
1.9228515625
2.00341796875
1.985595703125
2.048095703125
2.010498046875
1.9462890625
2.03515625
1.968994140625
1.9345703125
1.990478515625
1.98828125
2.02783203125
1.940185546875
1.970947265625
1.983154296875
1.941162109375
2.009521484375
2.05615234375
1.940185546875
1.962646484375
1.990234375
2.04052734375
1.94091796875
1.91357421875
1.92919921875
1.9287109375
1.9716796875
1.961181640625
1.948486328125
2.031494140625
1.9326171875
1.926025390625
1.972412109375
1.928955078125
1.94970703125
1.94140625
1.935302734375
1.9365234375
1.92822265625
1.93359375
2.039794921875
1.970947265625
1.96533203125
2.00146484375
1.982666015625
1.978759765625
1.91796875
1.9375
1.935302734375
2.0947265625
1.974853515625
1.9384765625
1.947509765625
2.0732421875
1.957275390625
1.92822265625
1.960693359375
1.927978515625
2.005615234375
1.96875
1.936767578125
1.946044921875
1.94873046875
2.079833984375
1.91748046875
1.983154296875
1.926513671875
1.9189453125
2.0087890625
1.9736328125
1.90478515625
2.063232421875
1.920166015625
1.9873046875
2.033935546875
1.942626953125
1.996826171875
1.9697265625
2.016357421875
1.93115234375
2.000244140625
2.009765625
1.9892578125
2.0087890625
1.92626953125
2.0283203125
2.01806640625
1.93115234375
1.99755859375
2.199951171875
1.980224609375
2.011962890625
1.95263671875
1.91796875
2.048583984375
1.971923828125
1.92822265625
1.9208984375
2.11279296875
1.946044921875
1.9267578125
1.97509765625
2.0
2.022216796875
1.98583984375
2.028076171875
1.923828125
2.04833984375
2.0126953125
2.13671875
1.987548828125
2.0166015625
1.980712890625
1.95947265625
1.927734375
1.93115234375
2.07080078125
1.9306640625
1.98828125
1.969970703125
1.91650390625
1.959716796875
2.054931640625
1.940673828125
2.013671875
1.978515625
2.0078125
2.00927734375
1.9521484375
1.94189453125
2.013671875
1.95654296875
2.03662109375
2.04443359375
2.099853515625
1.998046875
1.933837890625
2.136962890625
1.942626953125
2.06103515625
1.942626953125
1.94189453125
1.98388671875
2.070068359375
1.917724609375
1.991943359375
1.992919921875
1.99365234375
1.99560546875
1.97509765625
1.91796875
1.939208984375
2.135009765625
1.910888671875
1.919921875
2.052490234375
2.000732421875
1.995849609375
1.9814453125
1.979736328125
1.92724609375
2.08642578125
1.9697265625
2.016845703125
1.92724609375
1.983642578125
1.995849609375
3.95654296875
1.97509765625
1.96435546875
2.048583984375
2.093994140625
1.935302734375
2.05419921875
2.302734375
2.17822265625
2.0625
2.149658203125
2.15478515625
2.08056640625
2.16162109375
2.15869140625
2.0712890625
2.16650390625
2.09423828125
2.247314453125
2.160400390625
2.03759765625
2.19091796875
2.05078125
2.14453125
2.20361328125
2.260009765625
2.233154296875
2.089599609375
2.15234375
2.05517578125
2.2333984375
2.464111328125
2.1513671875
2.351806640625
2.3134765625
2.151611328125
2.073974609375
2.025146484375
2.1787109375
2.33642578125
2.091796875
2.0302734375
2.177734375
2.095947265625
2.052978515625
2.162109375
2.111083984375
2.119873046875
2.1865234375
2.129638671875
2.137451171875
2.102294921875
2.171630859375
2.138427734375
2.07275390625
2.12548828125
2.1513671875
2.26416015625
2.14697265625
2.18408203125
2.10107421875
2.119384765625
2.360595703125
2.114501953125
2.213134765625
2.10791015625
2.088134765625
2.08154296875
2.19873046875
2.0966796875
1.9365234375
2.19287109375
2.108642578125
2.126708984375
2.0771484375
2.06201171875
2.02880859375
2.845458984375
2.166015625
2.125732421875
2.131103515625
2.148193359375
2.15869140625
2.0986328125
2.053955078125
2.098388671875
2.127197265625
2.210693359375
2.18310546875
2.138671875
2.244873046875
2.14697265625
2.087890625
2.1669921875
2.08984375
2.0703125
2.11181640625
2.1513671875
2.056640625
2.034423828125
2.179443359375
2.044921875
2.076904296875
2.1611328125
2.049560546875
2.124755859375
2.09912109375
2.099853515625
2.0419921875
2.04296875
2.06884765625
2.10302734375
2.09130859375
2.081787109375
2.032470703125
2.03369140625
2.054931640625
2.191162109375
2.048828125
2.07568359375
2.064453125
2.039794921875
2.056884765625
2.032470703125
2.177490234375
2.512939453125
2.182861328125
2.0087890625
2.170166015625
2.08447265625
2.098876953125
2.05517578125
2.158203125
2.069091796875
2.05908203125
2.126708984375
2.06884765625
2.05517578125
2.087158203125
2.15234375
2.15966796875
2.22705078125
2.05810546875
2.121826171875
2.149658203125
2.114990234375
2.183349609375
2.0341796875
2.073486328125
2.0390625
2.045166015625
2.3759765625
2.1533203125
2.138671875
2.14111328125
2.28759765625
2.095703125
2.04150390625
2.04443359375
2.059814453125
2.044921875
2.15283203125
2.15771484375
2.10498046875
2.208251953125
2.107177734375
2.05859375
2.306396484375
2.208251953125
2.05419921875
2.073486328125
2.095947265625
2.126220703125
2.1376953125
2.08837890625
2.0751953125
2.262939453125
2.052734375
2.0791015625
2.12890625
2.26220703125
2.099853515625
2.17138671875
2.107421875
2.10888671875
2.090087890625
2.099853515625
2.070556640625
2.134765625
2.179443359375
2.16162109375
2.04296875
2.2041015625
2.2080078125
2.1748046875
2.2314453125
2.06103515625
2.0712890625
2.147216796875
2.091796875
2.133056640625
2.079345703125
2.286376953125
2.05224609375
2.04248046875
2.12939453125
2.150634765625
2.2587890625
2.049072265625
2.0771484375
2.105712890625
2.10498046875
2.048095703125
2.110595703125
2.179931640625
2.175048828125
2.205810546875
2.111328125
2.061767578125
2.23193359375
2.06201171875
2.304931640625
2.088623046875
2.259765625
2.261474609375
2.063720703125
2.04150390625
2.07421875
2.0556640625
2.042724609375
2.11083984375
2.126953125
2.11181640625
2.51171875
2.043701171875
2.063232421875
2.12548828125
2.1943359375
2.058837890625
2.061767578125
2.11376953125
2.29345703125
2.214599609375
2.078369140625
2.189208984375
2.064208984375
2.03564453125
2.116943359375
2.068603515625
2.08154296875
2.091796875
2.2451171875
2.211669921875
2.169189453125
2.061767578125
2.072509765625
2.09033203125
2.056396484375
2.128662109375
2.052490234375
2.135498046875
2.056640625
2.106201171875
2.061767578125
2.217041015625
2.109130859375
2.15771484375
2.07080078125
2.18359375
2.273193359375
2.20947265625
2.417236328125
2.140869140625
2.184814453125
2.29638671875
2.16357421875
2.369140625
2.166259765625
2.088134765625
2.178466796875
2.130859375
2.092529296875
2.129638671875
2.109375
2.078857421875
2.0986328125
2.02978515625
2.189208984375
2.0380859375
1.93017578125
2.063232421875
2.185546875
2.123291015625
2.04833984375
2.057373046875
2.099609375
2.07958984375
2.063720703125
2.050537109375
2.1552734375
2.1494140625
2.0517578125
2.060302734375
2.118896484375
2.052978515625
1.9521484375
2.0439453125
2.2216796875
2.3310546875
2.209716796875
2.133056640625
2.170654296875
2.160888671875
2.09375
2.179931640625
2.08251953125
2.046875
2.244873046875
2.092529296875
2.07177734375
2.06494140625
2.0703125
2.0810546875
2.04638671875
2.1171875
2.227783203125
2.264892578125
2.310546875
2.088134765625
2.2255859375
2.153564453125
2.062744140625
2.09814453125
2.13720703125
2.2919921875
2.00732421875
1.972412109375
1.954833984375
2.05908203125
2.131591796875
1.93896484375
2.080322265625
2.06787109375
2.015625
1.951171875
1.9990234375
1.94189453125
1.95703125
1.97021484375
1.951416015625
1.93896484375
1.9765625
1.951171875
1.93310546875
1.93701171875
1.969482421875
1.998291015625
1.986328125
1.963623046875
2.002197265625
1.9609375
1.9833984375
2.0390625
1.957763671875
1.935546875
2.06201171875
1.9892578125
1.9521484375
1.94580078125
1.994140625
2.081298828125
1.943115234375
1.962890625
1.964111328125
1.943115234375
2.062744140625
1.941650390625
1.979248046875
2.06494140625
1.93994140625
1.939208984375
2.06005859375
1.94189453125
1.962158203125
2.027099609375
1.942138671875
1.983642578125
1.9755859375
1.995361328125
1.948974609375
1.96533203125
2.10009765625
2.107421875
1.971435546875
2.337158203125
1.969482421875
1.984130859375
1.94775390625
2.114501953125
1.9501953125
1.982666015625
1.999755859375
2.19287109375
1.9609375
1.970703125
1.966796875
1.98486328125
1.98779296875
1.9580078125
2.07275390625
2.1748046875
1.98876953125
2.031982421875
2.056396484375
2.038330078125
1.99267578125
1.969970703125
1.978271484375
2.02294921875
1.955322265625
1.971435546875
1.939453125
4.2607421875
1.95263671875
2.05126953125
1.945556640625
1.958740234375
2.07373046875
1.9404296875
2.045654296875
1.966064453125
2.007080078125
1.96826171875
1.983642578125
2.087158203125
1.95654296875
1.955322265625
1.959228515625
2.026611328125
2.03076171875
2.02880859375
2.014404296875
1.9482421875
2.056396484375
2.01904296875
2.04345703125
1.96142578125
1.952880859375
1.943359375
1.9365234375
2.175048828125
2.01171875
1.979736328125
1.937744140625
1.96630859375
1.960693359375
2.197509765625
1.95947265625
2.08642578125
2.68359375
2.078125
2.085205078125
2.094482421875
2.11669921875
2.233154296875
2.076904296875
2.159423828125
2.114990234375
2.1220703125
2.14794921875
2.1875
2.0576171875
2.0615234375
2.0791015625
2.072509765625
2.091064453125
2.155029296875
2.1484375
2.076416015625
2.0751953125
2.060546875
2.0634765625
2.05517578125
2.298828125
2.072998046875
2.07568359375
2.2900390625
2.074951171875
2.087890625
2.258544921875
2.149658203125
2.08984375
2.088623046875
2.239501953125
2.09423828125
2.091552734375
2.113037109375
2.10986328125
2.13720703125
2.0732421875
2.059814453125
2.0849609375
2.150146484375
2.122314453125
2.07666015625
2.096435546875
2.18701171875
2.18359375
2.1962890625
2.24658203125
2.06591796875
2.07958984375
2.12109375
2.093505859375
2.178955078125
2.178466796875
2.1123046875
2.148681640625
2.14208984375
2.193603515625
2.10498046875
2.273193359375
2.087158203125
2.251220703125
2.09130859375
2.150390625
2.06591796875
2.37109375
2.056640625
2.075439453125
2.200439453125
2.098876953125
2.2431640625
2.617431640625
2.2705078125
2.193115234375
2.067138671875
2.111572265625
2.08447265625
2.052490234375
2.154541015625
2.124755859375
2.13330078125
2.197021484375
2.07763671875
2.11083984375
2.16748046875
2.1494140625
2.161376953125
2.10986328125
2.1591796875
2.0751953125
2.071044921875
2.0859375
2.052978515625
2.095947265625
2.157958984375
2.05810546875
2.176025390625
2.18310546875
2.07958984375
2.0712890625
2.083251953125
2.14990234375
2.131591796875
2.074462890625
2.058349609375
2.191162109375
2.105224609375
2.077880859375
2.17041015625
2.197509765625
2.078369140625
2.0888671875
2.096923828125
2.090576171875
2.197998046875
2.10107421875
2.080810546875
2.08154296875
2.0693359375
2.267333984375
2.052978515625
2.08203125
2.091796875
2.207763671875
2.080810546875
2.155517578125
2.114013671875
2.120361328125
2.180419921875
2.19287109375
3.072265625
2.058837890625
3.138427734375
2.14501953125
2.28564453125
2.150634765625
2.0673828125
2.194580078125
2.300537109375
2.075439453125
2.1845703125
2.081298828125
2.090576171875
2.074462890625
2.166259765625
6.1396484375
2.16064453125
2.146728515625
2.062255859375
2.103515625
2.239013671875
2.221435546875
2.09326171875
2.169677734375
2.08203125
2.129638671875
2.253662109375
2.295654296875
2.162353515625
2.195556640625
2.073974609375
2.39306640625
2.0576171875
2.117919921875
2.086181640625
2.072509765625
2.28759765625
2.174560546875
2.142333984375
2.16064453125
2.180908203125
2.057373046875
2.162109375
2.150634765625
2.203369140625
2.059814453125
2.095703125
2.176025390625
2.04541015625
2.056396484375
2.0830078125
2.259033203125
2.089599609375
2.16357421875
2.16845703125
2.204833984375
2.173095703125
2.154296875
2.077392578125
2.0986328125
2.075439453125
2.09765625
2.0654296875
2.262451171875
2.101318359375
2.166015625
2.167236328125
2.177734375
2.07470703125
2.16162109375
2.20556640625
2.06298828125
2.076171875
2.16064453125
2.076416015625
2.071533203125
2.0927734375
2.086181640625
2.080322265625
2.07958984375
2.19384765625
2.61767578125
2.154541015625
2.16748046875
2.07470703125
2.057861328125
2.228271484375
2.771484375
2.0712890625
2.059326171875
2.097900390625
2.277587890625
2.18896484375
2.143798828125
2.2109375
2.261474609375
2.137451171875
2.114501953125
2.16796875
2.07080078125
2.150146484375
2.083251953125
2.07470703125
2.1826171875
2.169677734375
2.08349609375
2.05517578125
2.09130859375
2.072998046875
2.125732421875
2.1025390625
2.076171875
2.2978515625
2.11767578125
2.21923828125
2.0966796875
2.168212890625
2.15478515625
2.264404296875
2.0517578125
2.219970703125
2.10107421875
2.09130859375
2.251220703125
2.072998046875
2.166259765625
2.121826171875
2.2138671875
2.2080078125
2.094970703125
2.56103515625
2.07568359375
2.151611328125
2.093505859375
2.16748046875
2.148193359375
2.10546875
2.226806640625
2.18701171875
2.07958984375
2.184814453125
2.181640625
2.209716796875
2.08984375
2.094970703125
2.188232421875
2.150390625
2.0703125
2.087890625
2.0732421875
2.10888671875
2.1923828125
2.08642578125
2.06201171875
2.39013671875
2.062255859375
2.151123046875
2.084228515625
2.1484375
2.0849609375
2.21630859375
2.122314453125
2.223876953125
2.0537109375
2.092041015625
2.19775390625
2.169921875
2.10009765625
2.2431640625
2.0986328125
2.2109375
2.056640625
2.09228515625
2.3037109375
2.095703125
2.134765625
2.10302734375
2.0859375
2.159912109375
2.063232421875
2.11474609375
2.08837890625
2.15966796875
2.22119140625
2.20263671875
2.228515625
2.065673828125
2.21044921875
2.09423828125
2.1875
2.2626953125
2.072509765625
2.084716796875
2.146240234375
2.190673828125
2.077392578125
2.10888671875
2.2802734375
2.29052734375
2.078125
2.215087890625
2.23291015625
2.094970703125
2.0654296875
2.08203125
2.05322265625
2.08984375
2.099853515625
2.067138671875
2.21875
2.084716796875
2.164306640625
2.084228515625
2.1552734375
2.0751953125
2.191650390625
2.149169921875
2.063232421875
2.130615234375
2.06640625
2.100341796875
2.12548828125
2.149658203125
2.07470703125
2.174560546875
2.073486328125
2.08251953125
2.2470703125
2.1337890625
2.238037109375
2.056396484375
2.16943359375
2.3076171875
2.188720703125
2.10546875
2.143798828125
2.130126953125
2.1875
2.214599609375
2.1025390625
2.135986328125
2.22216796875
2.21630859375
2.111328125
2.433349609375
2.12548828125
2.156005859375
2.106201171875
2.172607421875
2.084716796875
2.124755859375
2.14501953125
2.310302734375
2.061767578125
2.111083984375
2.27490234375
2.14111328125
2.05419921875
2.095703125
2.253662109375
2.129150390625
2.1611328125
2.100341796875
2.3173828125
2.071044921875
2.075927734375
2.1103515625
2.422119140625
2.101318359375
2.07470703125
2.1328125
2.06005859375
2.07177734375
2.081298828125
2.12060546875
2.291015625
2.146484375
2.216552734375
2.0859375
2.2548828125
2.152587890625
2.224609375
2.1572265625
2.8291015625
2.093505859375
2.258544921875
2.073974609375
2.057861328125
2.24169921875
2.09716796875
2.6171875
2.241455078125
2.09912109375
