
1.0000 0.7299 0.0287 8.0000 0.0051 
2.0000 0.3247 0.0268 10.0000 0.0047 
3.0000 0.4386 0.0324 17.0000 0.0095 
4.0000 0.4306 0.0427 31.0000 0.0066 
5.0000 0.5225 0.0786 10.0000 0.0184 
6.0000 0.6012 0.0306 7.0000 0.0145 
7.0000 0.6917 0.0325 9.0000 0.0091 
8.0000 0.7428 0.0768 10.0000 0.0151 
9.0000 0.6731 0.0418 7.0000 0.0107 
10.0000 0.7128 0.0538 8.0000 0.0156 
11.0000 0.5241 0.0330 9.0000 0.0059 
2.0000 1.5873 0.0366 10.0000 0.0074 
3.0000 1.4354 0.0664 10.0000 0.0146 
4.0000 1.2658 0.0334 10.0000 0.0084 
9.0000 1.3473 0.0314 17.0000 0.0082 
9.0000 1.3473 0.0277 12.0000 0.0032 
9.0000 1.3473 0.0269 56.0000 0.0097 
9.0000 1.3473 0.0083 5.0000 0.0021 
9.0000 1.3473 0.0159 7.0000 0.0050 
10.0000 1.4306 0.0347 9.0000 0.0090 
11.0000 1.3269 0.0668 9.0000 0.0129 
12.0000 1.3699 0.0732 11.0000 0.0100 
13.0000 1.4444 0.1008 11.0000 0.0144 
14.0000 1.4644 0.1339 12.0000 0.0156 
15.0000 1.5496 0.0539 7.0000 0.0112 
17.0000 1.7241 0.0572 9.0000 0.0110 
17.0000 1.7241 0.0152 4.0000 0.0059 
18.0000 1.8000 0.0985 9.0000 0.0193 
19.0000 1.8664 0.1095 13.0000 0.0033 
20.0000 1.9436 0.0743 8.0000 0.0148 
21.0000 1.7827 0.0490 10.0000 0.0090 
22.0000 1.6679 0.0743 8.0000 0.0167 
23.0000 1.6476 0.0720 9.0000 0.0152 
24.0000 1.6552 0.0385 7.0000 0.0122 
25.0000 1.6779 0.0829 12.0000 0.0137 
26.0000 1.7038 0.1011 21.0000 0.0094 
28.0000 1.7136 0.1344 24.0000 0.0188 
28.0000 1.7136 0.1958 32.0000 0.0143 
29.0000 1.7129 0.0406 9.0000 0.0106 
30.0000 1.6313 0.0883 11.0000 0.0144 
31.0000 1.6703 0.0761 10.0000 0.0150 
32.0000 1.7103 0.0415 9.0000 0.0073 
33.0000 1.7405 0.1062 10.0000 0.0129 
34.0000 1.6299 0.0546 9.0000 0.0107 
35.0000 1.4650 0.0483 9.0000 0.0126 
36.0000 1.4481 0.0363 10.0000 0.0079 
37.0000 1.3262 0.0421 10.0000 0.0168 
38.0000 1.3343 0.0666 8.0000 0.0179 
39.0000 1.3167 0.0301 15.0000 0.0041 
41.0000 1.3505 0.0645 40.0000 0.0087 
41.0000 1.3505 0.0539 15.0000 0.0119 
42.0000 1.3380 0.1220 12.0000 0.0146 
43.0000 1.3638 0.0553 9.0000 0.0140 
44.0000 1.3898 0.0388 8.0000 0.0114 
45.0000 1.3587 0.0421 7.0000 0.0109 
47.0000 1.4114 0.0314 8.0000 0.0078 
47.0000 1.4114 0.0258 8.0000 0.0040 
48.0000 1.3100 0.0485 17.0000 0.0176 
49.0000 1.3333 0.0339 6.0000 0.0097 
50.0000 1.3394 0.0447 8.0000 0.0091 
51.0000 1.3539 0.0736 11.0000 0.0130 
52.0000 1.3742 0.0723 9.0000 0.0108 
53.0000 1.3745 0.0979 11.0000 0.0120 
1.0000 1.2346 0.0468 9.0000 0.0108 
2.0000 1.3793 0.1500 18.0000 0.0099 