
1.0000 2.0408 0.0784 8.0000 0.0183 
2.0000 1.9231 0.1273 10.0000 0.0170 
3.0000 2.5641 0.1606 8.0000 0.0316 
4.0000 1.4440 0.1150 9.0000 0.0188 
5.0000 1.6129 0.1188 8.0000 0.0217 
6.0000 1.7341 0.1756 12.0000 0.0216 
7.0000 1.8182 0.1503 11.0000 0.0178 
8.0000 1.6667 0.1244 9.0000 0.0203 
9.0000 1.5025 0.0991 8.0000 0.0181 
10.0000 1.4771 0.0939 8.0000 0.0150 
11.0000 1.5193 0.0587 10.0000 0.0110 
12.0000 1.3809 0.1382 10.0000 0.0197 
13.0000 1.3333 0.0721 7.0000 0.0203 
14.0000 1.2389 0.0442 5.0000 0.0127 
15.0000 1.2965 0.1648 12.0000 0.0211 
16.0000 1.2893 0.0779 6.0000 0.0181 
17.0000 1.1855 0.1030 9.0000 0.0177 
1.0000 0.8929 0.0456 7.0000 0.0152 
3.0000 1.4286 0.1024 5.0000 0.0279 
3.0000 1.4286 0.0812 6.0000 0.0209 
4.0000 1.2195 0.0304 5.0000 0.0147 
5.0000 0.8157 0.1146 9.0000 0.0094 
6.0000 0.9554 0.0622 8.0000 0.0165 
2.0000 2.8571 0.0760 5.0000 0.0262 
2.0000 2.8571 0.1225 16.0000 0.0131 
3.0000 2.0833 0.0834 7.0000 0.0142 
4.0000 1.9417 0.1110 7.0000 0.0257 
5.0000 1.9455 0.1397 10.0000 0.0213 
6.0000 2.0339 0.1459 12.0000 0.0196 
7.0000 2.0710 0.1121 11.0000 0.0156 
8.0000 2.0942 0.1121 11.0000 0.0181 
9.0000 2.0595 0.1046 14.0000 0.0149 
10.0000 2.1882 0.0864 6.0000 0.0163 
12.0000 2.3438 0.0181 4.0000 0.0270 
12.0000 2.3438 0.0959 9.0000 0.0009 
13.0000 2.0218 0.0560 20.0000 0.0066 
15.0000 2.1459 0.0010 11.0000 0.0024 
15.0000 2.1459 0.0051 3.0000 0.0023 
16.0000 2.2315 0.0579 9.0000 0.0105 
17.0000 2.0000 0.0381 7.0000 0.0118 
18.0000 2.0179 0.0820 10.0000 0.0155 
19.0000 2.0811 0.0712 7.0000 0.0161 
20.0000 2.1209 0.0592 13.0000 0.0075 
21.0000 2.1169 0.0931 7.0000 0.0331 
23.0000 2.1218 0.0090 8.0000 0.0112 
26.0000 2.2727 0.1772 14.0000 0.0325 
26.0000 2.2727 0.1774 19.0000 0.0390 
26.0000 2.2727 0.0775 8.0000 0.0037 
28.0000 2.3083 0.1352 17.0000 0.0418 
29.0000 2.2498 0.0420 7.0000 0.0133 
30.0000 2.1978 0.1127 13.0000 0.0097 
31.0000 2.2318 0.1945 10.0000 0.0260 
33.0000 2.1711 0.0623 8.0000 0.0162 
33.0000 2.1711 0.0508 7.0000 0.0049 
34.0000 2.1865 0.0375 10.0000 0.0124 
37.0000 2.2196 0.1889 43.0000 0.0532 
37.0000 2.2196 0.2293 39.0000 0.0401 
38.0000 2.0574 0.0909 22.0000 0.0191 
39.0000 2.0956 0.0570 4.0000 0.0126 
40.0000 2.1277 0.0653 9.0000 0.0106 
41.0000 2.0655 0.0588 8.0000 0.0168 
43.0000 2.0743 0.0556 8.0000 0.0223 
44.0000 1.9687 0.1540 22.0000 0.0142 
1.0000 1.0000 0.0318 8.0000 0.0250 
2.0000 1.4388 0.0326 5.0000 0.0089 
3.0000 2.0134 0.0245 4.0000 0.0060 
4.0000 1.5625 0.0570 9.0000 0.0128 
5.0000 1.7857 0.0632 12.0000 0.0150 
6.0000 1.9417 0.0379 5.0000 0.0129 
7.0000 2.0000 0.0172 4.0000 0.0101 
9.0000 2.2843 0.0528 8.0000 0.0137 
10.0000 2.3585 0.0416 5.0000 0.0171 
11.0000 2.5229 0.0347 5.0000 0.0077 
12.0000 2.5641 0.0175 10.0000 0.0131 
13.0000 2.1346 0.0240 6.0000 0.0088 
14.0000 2.2472 0.1009 9.0000 0.0212 
15.0000 2.2489 0.1228 13.0000 0.0198 
16.0000 2.3495 0.1063 8.0000 0.0273 
17.0000 2.4251 0.1406 12.0000 0.0200 
18.0000 2.4931 0.0779 8.0000 0.0181 
19.0000 2.5333 0.1341 10.0000 0.0188 
20.0000 2.5974 0.1373 10.0000 0.0235 
21.0000 2.1627 0.1129 10.0000 0.0180 
22.0000 2.2335 0.1128 10.0000 0.0155 
23.0000 2.2705 0.1040 7.0000 0.0228 
24.0000 2.3369 0.0840 8.0000 0.0207 
25.0000 2.3946 0.1476 12.0000 0.0174 
26.0000 2.4482 0.1150 9.0000 0.0173 
27.0000 2.4771 0.1326 11.0000 0.0174 
28.0000 2.5157 0.0920 10.0000 0.0171 
29.0000 2.5596 0.1083 9.0000 0.0220 
30.0000 2.5489 0.0735 8.0000 0.0175 
31.0000 2.4409 0.1147 11.0000 0.0163 
32.0000 2.3599 0.1079 13.0000 0.0140 
33.0000 2.3174 0.0813 9.0000 0.0146 
34.0000 2.3114 0.1462 13.0000 0.0199 
35.0000 2.2393 0.1025 10.0000 0.0135 
37.0000 1.9978 0.0607 14.0000 0.0159 
37.0000 1.9978 0.1146 38.0000 0.0161 
38.0000 2.0321 0.0544 6.0000 0.0204 
1.0000 2.0000 0.0406 10.0000 0.0087 
2.0000 0.2646 0.0341 5.0000 0.0150 
3.0000 0.3667 0.0510 8.0000 0.0126 
4.0000 0.2401 0.0586 8.0000 0.0159 
5.0000 0.2959 0.0629 9.0000 0.0190 
6.0000 0.3444 0.0858 13.0000 0.0110 
7.0000 0.3887 0.0795 11.0000 0.0000 
8.0000 0.4233 0.0613 10.0000 0.0098 
9.0000 0.4649 0.0600 10.0000 0.0088 
10.0000 0.5020 0.0516 10.0000 0.0100 
11.0000 0.4944 0.0680 13.0000 0.0077 
12.0000 0.5252 0.1014 10.0000 0.0138 
13.0000 0.5642 0.0481 9.0000 0.0112 
14.0000 0.5721 0.0142 9.0000 0.0133 
15.0000 0.6029 0.0876 11.0000 0.0135 
16.0000 0.6385 0.0472 8.0000 0.0105 
17.0000 0.6730 0.0642 11.0000 0.0118 
18.0000 0.6891 0.0708 12.0000 0.0126 
19.0000 0.7074 0.0851 11.0000 0.0107 
20.0000 0.7326 0.0722 13.0000 0.0033 
21.0000 0.7598 0.0714 9.0000 0.0137 
22.0000 0.7860 0.0652 13.0000 0.0133 
23.0000 0.8121 0.0680 12.0000 0.0084 
24.0000 0.8357 0.0693 12.0000 0.0126 
25.0000 0.8085 0.0191 8.0000 0.0091 
26.0000 0.8357 0.0466 10.0000 0.0075 
27.0000 0.8574 0.0540 12.0000 0.0101 
28.0000 0.8769 0.0169 10.0000 0.0083 
29.0000 0.8659 0.0652 8.0000 0.0138 
30.0000 0.8515 0.0312 9.0000 0.0112 
31.0000 0.8723 0.0631 14.0000 0.0091 
32.0000 0.8686 0.0475 8.0000 0.0119 
33.0000 0.8719 0.0273 9.0000 0.0077 
34.0000 0.8845 0.0604 10.0000 0.0136 
35.0000 0.8361 0.0604 13.0000 0.0078 
36.0000 0.8234 0.0515 11.0000 0.0108 
37.0000 0.7227 0.0469 8.0000 0.0123 
38.0000 0.6027 0.0551 8.0000 0.0129 
39.0000 0.5948 0.0505 10.0000 0.0109 
40.0000 0.6021 0.0531 7.0000 0.0148 
41.0000 0.5909 0.0315 10.0000 0.0073 
42.0000 0.5804 0.0306 8.0000 0.0075 
43.0000 0.4997 0.0560 9.0000 0.0131 
44.0000 0.5011 0.0425 9.0000 0.0084 
45.0000 0.4637 0.0250 5.0000 0.0093 
46.0000 0.4080 0.0424 8.0000 0.0083 
47.0000 0.4162 0.0440 8.0000 0.0098 
48.0000 0.4123 0.0301 8.0000 0.0073 
49.0000 0.4187 0.0587 12.0000 0.0121 
50.0000 0.4167 0.0411 8.0000 0.0096 
51.0000 0.4235 0.0489 8.0000 0.0114 
52.0000 0.4279 0.0275 4.0000 0.0039 
53.0000 0.4137 0.0418 7.0000 0.0139 
54.0000 0.4183 0.0797 12.0000 0.0117 
55.0000 0.4250 0.0636 10.0000 0.0091 
56.0000 0.4283 0.0579 10.0000 0.0116 
57.0000 0.4252 0.0619 9.0000 0.0128 
58.0000 0.4189 0.0393 8.0000 0.0059 
59.0000 0.4209 0.0361 6.0000 0.0141 
60.0000 0.4240 0.0330 8.0000 0.0083 
61.0000 0.4284 0.0521 9.0000 0.0106 
62.0000 0.4269 0.0574 9.0000 0.0148 
63.0000 0.4261 0.0594 8.0000 0.0124 
64.0000 0.4175 0.0161 4.0000 0.0072 
65.0000 0.3925 0.0331 8.0000 0.0083 
66.0000 0.3658 0.0329 8.0000 0.0090 
67.0000 0.3681 0.0215 8.0000 0.0109 
69.0000 0.3770 0.0313 10.0000 0.0063 
69.0000 0.3770 0.0285 7.0000 0.0057 
70.0000 0.3782 0.0237 5.0000 0.0097 
71.0000 0.3796 0.0334 9.0000 0.0067 
72.0000 0.3710 0.0526 9.0000 0.0115 
73.0000 0.3490 0.0255 8.0000 0.0103 
74.0000 0.3512 0.0330 7.0000 0.0083 
76.0000 0.3509 0.0113 9.0000 0.0069 
76.0000 0.3509 0.0119 4.0000 0.0062 
77.0000 0.3475 0.0217 6.0000 0.0090 
78.0000 0.3474 0.0473 8.0000 0.0123 
79.0000 0.3417 0.0457 7.0000 0.0160 
80.0000 0.3434 0.0314 8.0000 0.0066 
83.0000 0.3558 0.0777 8.0000 0.0217 
83.0000 0.3558 0.0421 3.0000 0.0094 
84.0000 0.3593 0.0235 8.0000 0.0036 
85.0000 0.3589 0.0357 7.0000 0.0089 
86.0000 0.3578 0.0419 8.0000 0.0123 
87.0000 0.3550 0.0459 8.0000 0.0117 
88.0000 0.3570 0.0547 10.0000 0.0086 
89.0000 0.3560 0.0728 9.0000 0.0168 
90.0000 0.3593 0.0235 5.0000 0.0064 
91.0000 0.3629 0.0497 6.0000 0.0136 
92.0000 0.3617 0.0692 8.0000 0.0127 
93.0000 0.3644 0.0557 9.0000 0.0091 
94.0000 0.3631 0.0406 8.0000 0.0075 
95.0000 0.3644 0.0816 10.0000 0.0115 
96.0000 0.3626 0.0305 8.0000 0.0070 
97.0000 0.3545 0.0167 6.0000 0.0050 
98.0000 0.3389 0.0491 10.0000 0.0071 
99.0000 0.3361 0.0164 9.0000 0.0065 
100.0000 0.3320 0.0335 10.0000 0.0049 
101.0000 0.3305 0.0387 9.0000 0.0145 
102.0000 0.3293 0.0248 5.0000 0.0060 
103.0000 0.3273 0.0177 10.0000 0.0157 
104.0000 0.3295 0.0271 7.0000 0.0069 
105.0000 0.3311 0.0358 8.0000 0.0101 
106.0000 0.3321 0.0532 11.0000 0.0087 
107.0000 0.3297 0.0152 7.0000 0.0057 
108.0000 0.3290 0.0396 9.0000 0.0092 
109.0000 0.3306 0.0311 6.0000 0.0074 
110.0000 0.3334 0.0345 8.0000 0.0240 
111.0000 0.3358 0.0353 8.0000 0.0109 
112.0000 0.3371 0.0284 8.0000 0.0072 
113.0000 0.3274 0.0262 10.0000 0.0008 
114.0000 0.3261 0.0344 6.0000 0.0123 
115.0000 0.3245 0.0378 10.0000 0.0107 
116.0000 0.3245 0.0271 8.0000 0.0108 
117.0000 0.3119 0.0632 10.0000 0.0084 
118.0000 0.3106 0.0298 8.0000 0.0072 
119.0000 0.3110 0.0527 7.0000 0.0073 
120.0000 0.3124 0.0634 8.0000 0.0199 
121.0000 0.3148 0.0368 10.0000 0.0061 
122.0000 0.3159 0.0642 10.0000 0.0137 
123.0000 0.3171 0.0518 8.0000 0.0119 
124.0000 0.3165 0.0649 6.0000 0.0229 
125.0000 0.3188 0.0321 8.0000 0.0138 
126.0000 0.3212 0.0829 10.0000 0.0112 
127.0000 0.3233 0.0586 9.0000 0.0138 
128.0000 0.3179 0.0272 5.0000 0.0052 
129.0000 0.3179 0.0264 9.0000 0.0067 
130.0000 0.3096 0.0348 5.0000 0.0152 
131.0000 0.3115 0.0522 10.0000 0.0117 
132.0000 0.3090 0.0306 7.0000 0.0100 
133.0000 0.3045 0.0640 12.0000 0.0126 
1.0000 0.1869 0.1013 11.0000 0.0126 
2.0000 0.1974 0.0681 7.0000 0.0123 
3.0000 0.2737 0.0523 9.0000 0.0105 
5.0000 0.4129 0.0483 19.0000 0.0041 
5.0000 0.4129 0.0491 18.0000 0.0066 
6.0000 0.4313 0.0358 10.0000 0.0070 
7.0000 0.4851 0.0180 7.0000 0.0051 
8.0000 0.5427 0.0253 7.0000 0.0072 
9.0000 0.6024 0.0508 13.0000 0.0069 
10.0000 0.5133 0.0683 11.0000 0.0100 
11.0000 0.5481 0.0652 12.0000 0.0106 
12.0000 0.5556 0.0730 11.0000 0.0085 
13.0000 0.5525 0.0076 10.0000 0.0070 
14.0000 0.5783 0.0335 7.0000 0.0094 
15.0000 0.5837 0.0590 8.0000 0.0108 
16.0000 0.5854 0.0751 11.0000 0.0115 
18.0000 0.6267 0.0150 4.0000 0.0098 
18.0000 0.6267 0.0094 4.0000 0.0034 
19.0000 0.6554 0.0375 8.0000 0.0084 
20.0000 0.6847 0.0470 8.0000 0.0125 
21.0000 0.7109 0.0314 10.0000 0.0122 
22.0000 0.7378 0.0495 12.0000 0.0094 
23.0000 0.7636 0.0306 8.0000 0.0112 
24.0000 0.7777 0.0449 12.0000 0.0143 
25.0000 0.8023 0.0594 11.0000 0.0117 
26.0000 0.8125 0.0690 11.0000 0.0146 
27.0000 0.8385 0.0299 13.0000 0.0127 
28.0000 0.8255 0.0540 9.0000 0.0107 
29.0000 0.8428 0.0790 8.0000 0.0147 
30.0000 0.8656 -0.0024 8.0000 0.0105 
31.0000 0.8893 0.0580 12.0000 0.0087 
32.0000 0.8642 0.0833 10.0000 0.0080 
36.0000 0.8425 0.0787 101.0000 0.0113 
36.0000 0.8425 0.1681 13.0000 0.0210 
36.0000 0.8425 0.0932 15.0000 0.0096 
37.0000 0.8482 0.0417 12.0000 0.0090 
38.0000 0.8696 0.0301 5.0000 0.0038 
39.0000 0.8729 0.0328 10.0000 0.0058 
40.0000 0.8654 0.0698 9.0000 0.0145 
41.0000 0.8606 0.0477 10.0000 0.0094 
42.0000 0.8735 0.0785 9.0000 0.0134 
43.0000 0.8635 0.0134 9.0000 0.0107 
44.0000 0.8725 0.0657 8.0000 0.0134 
45.0000 0.8481 0.0601 9.0000 0.0120 
46.0000 0.7676 0.0489 10.0000 0.0097 
6.0000 4.8780 0.0379 24.0000 0.0043 
6.0000 4.8780 0.0449 17.0000 0.0065 
6.0000 4.8780 0.0421 13.0000 0.0045 
6.0000 4.8780 0.0319 17.0000 0.0089 
6.0000 4.8780 0.0377 13.0000 0.0073 
6.0000 4.8780 0.0383 6.0000 0.0119 
7.0000 3.1963 0.0159 8.0000 0.0101 
9.0000 2.2059 0.0368 8.0000 0.0101 
11.0000 2.2000 0.0362 38.0000 0.0077 
11.0000 2.2000 0.0454 16.0000 0.0072 
12.0000 2.3166 0.0481 10.0000 0.0063 
14.0000 2.1244 0.0512 20.0000 0.0062 
14.0000 2.1244 0.0563 15.0000 0.0094 
15.0000 2.2059 0.1073 12.0000 0.0113 
16.0000 2.2727 0.0649 12.0000 0.0113 
17.0000 2.3546 0.0459 9.0000 0.0129 
18.0000 2.4457 0.0646 10.0000 0.0100 
19.0000 2.4934 0.0511 11.0000 0.0122 
20.0000 2.5381 0.0565 9.0000 0.0090 
21.0000 2.5704 0.0417 12.0000 0.0034 
22.0000 2.5913 0.0334 8.0000 0.0083 
23.0000 2.5330 0.0225 6.0000 0.0066 
24.0000 2.5641 0.0646 8.0000 0.0146 
25.0000 2.5961 0.0414 9.0000 0.0081 
26.0000 2.6052 0.0284 11.0000 0.0044 
30.0000 2.7624 0.0367 31.0000 0.0115 
30.0000 2.7624 0.0317 21.0000 0.0062 
30.0000 2.7624 0.0430 13.0000 0.0075 
30.0000 2.7624 0.0442 9.0000 0.0055 
34.0000 2.8692 0.0821 35.0000 0.0100 
34.0000 2.8692 0.0464 8.0000 0.0064 
34.0000 2.8692 0.0422 7.0000 0.0098 
34.0000 2.8692 0.0345 14.0000 0.0003 
35.0000 2.9264 0.0523 8.0000 0.0094 
36.0000 2.9412 0.0233 7.0000 0.0060 
37.0000 2.6600 0.0409 13.0000 0.0060 
46.0000 2.6528 0.0210 36.0000 0.0046 
46.0000 2.6528 0.0127 5.0000 0.0059 
46.0000 2.6528 0.0382 13.0000 0.0056 
46.0000 2.6528 0.0206 23.0000 0.0072 
46.0000 2.6528 0.0248 47.0000 0.0064 
46.0000 2.6528 0.0246 54.0000 0.0033 
46.0000 2.6528 0.0243 8.0000 0.0046 
46.0000 2.6528 0.0118 5.0000 0.0029 
46.0000 2.6528 0.0064 5.0000 0.0029 
47.0000 2.4140 0.0226 9.0000 0.0050 
48.0000 2.4169 0.0339 7.0000 0.0069 
49.0000 2.3856 0.0317 13.0000 0.0049 
54.0000 2.5316 0.0251 14.0000 0.0056 
54.0000 2.5316 0.0164 8.0000 0.0016 
54.0000 2.5316 0.0462 34.0000 0.0059 
54.0000 2.5316 0.0121 6.0000 0.0029 
54.0000 2.5316 0.0315 8.0000 0.0071 
60.0000 2.6655 0.0327 47.0000 0.0130 
60.0000 2.6655 0.0246 7.0000 0.0038 
60.0000 2.6655 0.0177 10.0000 0.0054 
60.0000 2.6655 0.0280 7.0000 0.0070 
60.0000 2.6655 0.0474 8.0000 0.0130 
60.0000 2.6655 0.0329 11.0000 0.0061 
61.0000 2.4469 0.0395 8.0000 0.0093 
62.0000 2.4134 0.0425 8.0000 0.0100 
63.0000 2.4156 0.0473 9.0000 0.0118 
64.0000 2.3836 0.0245 5.0000 0.0050 
65.0000 2.3932 0.0624 10.0000 0.0056 
66.0000 2.3529 0.0461 8.0000 0.0040 
67.0000 2.3386 0.0327 14.0000 0.0129 
69.0000 2.3606 0.0295 35.0000 0.0069 
69.0000 2.3606 0.0377 12.0000 0.0084 
71.0000 2.1554 0.0460 6.0000 0.0151 
71.0000 2.1554 0.0232 5.0000 0.0108 
72.0000 2.1201 0.0497 8.0000 0.0116 
73.0000 2.0278 0.0506 9.0000 0.0120 
74.0000 1.9876 0.0881 13.0000 0.0114 
75.0000 1.9211 0.0647 11.0000 0.0108 
76.0000 1.7749 0.0436 8.0000 0.0123 
77.0000 1.7779 0.1044 10.0000 0.0157 
80.0000 1.7391 0.0059 9.0000 0.0066 
80.0000 1.7391 0.0238 13.0000 0.0067 
80.0000 1.7391 0.0378 14.0000 0.0083 
81.0000 1.6581 0.0808 8.0000 0.0198 
82.0000 1.6234 0.0814 9.0000 0.0128 
83.0000 1.6079 0.0517 9.0000 0.0078 
84.0000 1.5143 0.0814 11.0000 0.0136 
85.0000 1.5176 0.0794 10.0000 0.0109 
86.0000 1.5281 0.0241 10.0000 0.0055 
87.0000 1.5344 0.0207 7.0000 0.0069 
88.0000 1.5131 0.0247 5.0000 0.0087 
89.0000 1.4694 0.0512 8.0000 0.0132 
90.0000 1.4565 0.0670 8.0000 0.0144 
91.0000 1.4076 0.0304 9.0000 0.0062 
92.0000 1.3927 0.0759 11.0000 0.0137 
93.0000 1.3774 0.0318 5.0000 0.0037 
94.0000 1.3529 0.1071 9.0000 0.0183 
97.0000 1.3407 0.0379 15.0000 0.0107 
97.0000 1.3407 0.0234 6.0000 0.0096 
97.0000 1.3407 0.0211 5.0000 0.0090 
98.0000 1.2851 0.0490 9.0000 0.0096 
99.0000 1.2692 0.0505 9.0000 0.0069 
101.0000 1.2277 0.0684 10.0000 0.0128 
102.0000 1.2000 0.0836 10.0000 0.0154 
103.0000 1.1484 0.0431 11.0000 0.0079 
104.0000 1.1416 0.0219 5.0000 0.0058 
105.0000 1.1290 0.0225 35.0000 0.0057 
106.0000 1.0853 0.0419 9.0000 0.0099 
107.0000 1.0664 0.0917 11.0000 0.0120 
108.0000 1.0648 0.0668 9.0000 0.0138 
109.0000 1.0563 0.0078 14.0000 0.0074 
110.0000 1.0600 0.0437 12.0000 0.0066 
111.0000 1.0457 0.0508 10.0000 0.0110 
112.0000 1.0348 0.0520 11.0000 0.0079 
113.0000 1.0127 0.0848 9.0000 0.0138 
114.0000 0.9943 0.0411 9.0000 0.0090 
118.0000 0.9581 0.0327 43.0000 0.0022 
118.0000 0.9581 0.0195 14.0000 0.0092 
118.0000 0.9581 0.0066 5.0000 0.0023 
118.0000 0.9581 0.0424 41.0000 0.0075 
119.0000 0.9622 0.0428 8.0000 0.0097 
120.0000 0.9590 0.0314 5.0000 0.0064 
121.0000 0.9507 0.0438 9.0000 0.0073 
122.0000 0.9490 0.0542 10.0000 0.0149 
123.0000 0.9486 0.0655 10.0000 0.0113 
124.0000 0.9340 0.0363 8.0000 0.0061 
125.0000 0.9266 0.1365 12.0000 0.0146 
126.0000 0.9147 0.0353 8.0000 0.0074 
129.0000 0.9172 0.0175 27.0000 0.0086 
129.0000 0.9172 0.0075 5.0000 0.0025 
129.0000 0.9172 0.0715 34.0000 0.0103 
130.0000 0.9120 0.0468 12.0000 0.0100 
131.0000 0.9054 0.0488 8.0000 0.0116 
133.0000 0.9016 0.0498 9.0000 0.0079 
133.0000 0.9016 0.0446 9.0000 0.0079 
134.0000 0.9027 0.0387 14.0000 0.0185 
135.0000 0.9017 0.0813 11.0000 0.0123 
136.0000 0.8818 0.0741 11.0000 0.0085 
137.0000 0.8854 0.0418 9.0000 0.0093 
138.0000 0.8766 0.0879 10.0000 0.0110 
139.0000 0.8528 0.0374 8.0000 0.0061 
140.0000 0.8485 0.0710 9.0000 0.0109 
141.0000 0.8461 0.0949 11.0000 0.0151 
142.0000 0.8402 0.0224 5.0000 0.0081 
143.0000 0.8248 0.0266 6.0000 0.0053 
144.0000 0.8231 0.0522 9.0000 0.0122 
145.0000 0.8222 0.0383 7.0000 0.0103 
146.0000 0.7990 0.0384 8.0000 0.0111 
147.0000 0.7964 0.0751 11.0000 0.0113 
148.0000 0.7751 0.0656 9.0000 0.0140 
149.0000 0.7735 0.0398 8.0000 0.0111 
150.0000 0.7708 0.0489 10.0000 0.0097 
151.0000 0.7708 0.0458 11.0000 0.0090 
152.0000 0.7662 0.0389 9.0000 0.0081 
153.0000 0.7679 0.0596 11.0000 0.0122 
155.0000 0.7708 0.0349 9.0000 0.0084 
156.0000 0.7674 0.0408 9.0000 0.0098 
157.0000 0.7676 0.0236 6.0000 0.0083 
158.0000 0.7645 0.0677 10.0000 0.0091 
159.0000 0.7604 0.1052 11.0000 0.0128 
160.0000 0.7622 0.0576 8.0000 0.0139 
161.0000 0.7638 0.0802 9.0000 0.0141 
162.0000 0.7601 0.0567 10.0000 0.0111 
163.0000 0.7620 0.0395 8.0000 0.0094 
164.0000 0.7502 0.0848 11.0000 0.0140 
165.0000 0.7457 0.1090 11.0000 0.0137 
166.0000 0.7438 0.0608 9.0000 0.0143 
169.0000 0.7471 0.0273 8.0000 0.0072 
169.0000 0.7471 0.0074 3.0000 0.0024 
169.0000 0.7471 0.0084 5.0000 0.0049 
171.0000 0.7483 0.0259 16.0000 0.0087 
171.0000 0.7483 0.0287 9.0000 0.0065 
172.0000 0.7491 0.0366 10.0000 0.0093 
173.0000 0.7465 0.1085 11.0000 0.0177 
174.0000 0.7396 0.0296 6.0000 0.0094 
175.0000 0.7423 0.0853 10.0000 0.0116 
176.0000 0.7365 0.0561 10.0000 0.0092 
177.0000 0.7391 0.0773 13.0000 0.0105 
178.0000 0.7398 0.0413 8.0000 0.0120 
179.0000 0.7410 0.0598 10.0000 0.0103 
180.0000 0.7345 0.0462 10.0000 0.0106 
182.0000 0.7392 0.0087 8.0000 0.0077 
182.0000 0.7392 0.0104 3.0000 0.0026 
1.0000 0.4651 0.0313 8.0000 0.0081 
2.0000 0.3565 0.0824 9.0000 0.0149 
3.0000 0.3311 0.0511 10.0000 0.0089 
4.0000 0.3497 0.0439 8.0000 0.0119 
5.0000 0.3943 0.0564 11.0000 0.0092 
6.0000 0.3995 0.0814 11.0000 0.0107 
7.0000 0.3293 0.1044 11.0000 0.0158 
8.0000 0.2949 0.0424 8.0000 0.0111 
9.0000 0.3179 0.0540 6.0000 0.0121 
10.0000 0.3358 0.0787 11.0000 0.0147 
11.0000 0.3623 0.0477 8.0000 0.0122 
12.0000 0.3914 0.0696 11.0000 0.0118 
13.0000 0.4211 0.0442 8.0000 0.0135 
14.0000 0.4507 0.0590 12.0000 0.0073 
15.0000 0.4802 0.0304 8.0000 0.0123 
16.0000 0.5096 0.0481 9.0000 0.0108 
17.0000 0.5387 0.0636 9.0000 0.0142 
18.0000 0.5675 0.0562 8.0000 0.0133 
19.0000 0.5962 0.0589 8.0000 0.0130 
20.0000 0.6236 0.0807 10.0000 0.0134 
21.0000 0.6518 0.0585 11.0000 0.0093 
22.0000 0.6765 0.0528 8.0000 0.0142 
23.0000 0.7042 0.0593 10.0000 0.0111 
24.0000 0.7319 0.0590 7.0000 0.0165 
25.0000 0.7541 0.0252 8.0000 0.0126 
26.0000 0.7672 0.0308 8.0000 0.0064 
27.0000 0.7930 0.0243 9.0000 0.0116 
28.0000 0.7959 0.0345 7.0000 0.0090 
29.0000 0.8213 0.0542 7.0000 0.0123 
30.0000 0.8460 0.0535 7.0000 0.0140 
31.0000 0.8688 0.0409 7.0000 0.0167 
32.0000 0.8934 0.0338 8.0000 0.0073 
33.0000 0.9076 0.0483 6.0000 0.0142 
34.0000 0.9305 0.0807 11.0000 0.0126 
35.0000 0.9537 0.0600 9.0000 0.0118 
36.0000 0.9724 0.0470 9.0000 0.0116 
37.0000 0.9952 0.0233 6.0000 0.0068 
38.0000 1.0133 0.0559 8.0000 0.0148 
39.0000 1.0356 0.0350 8.0000 0.0099 
40.0000 1.0537 0.0578 8.0000 0.0174 
41.0000 1.0764 0.0125 5.0000 0.0046 
42.0000 1.0847 0.0371 10.0000 0.0085 
43.0000 1.0322 0.0580 58.0000 0.0099 
44.0000 1.0424 0.0490 9.0000 0.0099 
45.0000 1.0631 0.0184 5.0000 0.0029 
46.0000 1.0818 0.0231 6.0000 0.0091 
47.0000 1.0105 0.0320 8.0000 0.0085 
48.0000 1.0235 0.0250 7.0000 0.0075 
49.0000 0.9550 0.0684 8.0000 0.0172 
50.0000 0.9446 0.0874 10.0000 0.0110 
51.0000 0.9342 0.0693 10.0000 0.0097 
52.0000 0.9246 0.0776 10.0000 0.0121 
53.0000 0.9017 0.0481 9.0000 0.0090 
54.0000 0.9017 0.0596 9.0000 0.0116 
55.0000 0.8931 0.0563 9.0000 0.0116 
56.0000 0.8889 0.0946 8.0000 0.0205 
57.0000 0.8520 0.0855 10.0000 0.0120 
58.0000 0.8441 0.0550 10.0000 0.0127 
59.0000 0.8271 0.0571 10.0000 0.0100 
60.0000 0.7374 0.0434 5.0000 0.0088 
61.0000 0.6685 0.0635 10.0000 0.0109 
62.0000 0.6501 0.0526 9.0000 0.0114 
63.0000 0.6471 0.0487 8.0000 0.0096 
64.0000 0.6398 0.0659 8.0000 0.0196 
65.0000 0.6363 0.0900 11.0000 0.0128 
66.0000 0.6261 0.0684 11.0000 0.0143 
67.0000 0.6290 0.1172 13.0000 0.0117 
68.0000 0.6284 0.1167 17.0000 0.0104 
69.0000 0.6148 0.0837 11.0000 0.0112 
70.0000 0.6122 0.1080 18.0000 0.0171 
71.0000 0.6181 0.1810 10.0000 0.0276 
72.0000 0.6259 0.1548 10.0000 -0.0030 
73.0000 0.6342 0.0325 6.0000 0.0116 
75.0000 0.6501 0.0814 7.0000 0.0251 
75.0000 0.6501 0.0409 10.0000 0.0050 
77.0000 0.6500 0.2036 33.0000 0.0346 
77.0000 0.6500 0.1160 13.0000 -0.0025 
78.0000 0.6566 0.0518 7.0000 0.0049 
79.0000 0.6400 0.0274 6.0000 0.0100 
80.0000 0.6443 0.0454 8.0000 0.0107 
81.0000 0.6472 0.0773 9.0000 0.0180 
82.0000 0.6507 0.0661 6.0000 0.0016 
83.0000 0.6486 0.0321 5.0000 0.0123 
84.0000 0.6499 0.0210 5.0000 0.0069 
85.0000 0.6532 0.0448 11.0000 0.0119 
86.0000 0.6275 0.0467 8.0000 0.0234 
90.0000 0.6535 0.0907 5.0000 0.0228 
90.0000 0.6535 0.1116 7.0000 0.0280 
90.0000 0.6535 0.0917 10.0000 0.0134 
90.0000 0.6535 0.0987 7.0000 0.0198 
91.0000 0.6316 0.0610 12.0000 0.0134 
92.0000 0.6118 0.0261 6.0000 0.0045 
1.0000 0.5102 0.0378 14.0000 0.0093 
2.0000 0.2894 0.0679 8.0000 0.0164 
2.0000 1.2195 0.0240 12.0000 0.0051 
2.0000 1.2195 0.0114 4.0000 0.0063 
3.0000 0.7634 0.0622 11.0000 0.0098 
4.0000 0.8929 0.0716 12.0000 0.0099 
5.0000 0.9597 0.0577 9.0000 0.0110 
1.0000 1.1236 0.0468 12.0000 0.0065 
2.0000 1.3423 0.0539 9.0000 0.0122 
3.0000 1.6575 0.0500 8.0000 0.0145 
4.0000 1.9048 0.0345 15.0000 0.0042 
5.0000 0.5967 0.0762 8.0000 0.0132 
6.0000 0.6024 0.0825 12.0000 0.0103 
7.0000 0.6796 0.0586 8.0000 0.0115 
8.0000 0.6734 0.1008 10.0000 0.0161 
9.0000 0.6982 0.0636 8.0000 0.0123 
10.0000 0.7375 0.0845 10.0000 0.0140 
11.0000 0.5387 0.1158 9.0000 0.0165 
13.0000 0.6256 0.0719 10.0000 0.0262 
13.0000 0.6256 0.1181 8.0000 0.0063 
14.0000 0.6548 0.0806 20.0000 0.0229 
15.0000 0.6781 0.0782 11.0000 0.0087 
16.0000 0.7117 0.0836 8.0000 0.0258 
17.0000 0.7424 0.1194 13.0000 0.0121 
18.0000 0.7792 0.1210 9.0000 0.0314 
19.0000 0.8134 0.1306 10.0000 0.0155 
20.0000 0.8511 0.0697 7.0000 0.0174 
22.0000 0.8804 0.1844 19.0000 0.0235 
22.0000 0.8804 0.1315 12.0000 0.0113 
24.0000 0.9263 0.1173 6.0000 0.0441 
24.0000 0.9263 0.2405 31.0000 0.0186 
26.0000 0.9822 0.1701 12.0000 0.0203 
26.0000 0.9822 0.0537 21.0000 0.0058 
27.0000 0.9362 0.1062 20.0000 0.0143 
28.0000 0.9293 0.1420 11.0000 0.0230 
29.0000 0.9403 0.0866 10.0000 0.0106 
30.0000 0.9500 0.0888 7.0000 0.0211 
31.0000 0.9657 0.0487 8.0000 0.0100 
32.0000 0.9662 0.1341 12.0000 0.0181 
33.0000 0.9889 0.0974 13.0000 0.0085 
5.0000 1.9608 0.0969 10.0000 0.0456 
5.0000 1.9608 0.0870 6.0000 0.0249 
5.0000 1.9608 0.1682 13.0000 0.0204 
7.0000 2.5455 0.1375 9.0000 0.0339 
7.0000 2.5455 0.0511 6.0000 0.0060 
8.0000 2.0151 0.0089 8.0000 0.0096 
9.0000 1.8109 0.0551 7.0000 0.0127 
11.0000 1.8836 0.0935 8.0000 0.0164 
11.0000 1.8836 0.0916 11.0000 0.0142 
12.0000 1.8721 0.0257 9.0000 0.0064 
13.0000 1.3279 0.0659 133.0000 0.0164 
14.0000 1.3592 0.0383 15.0000 0.0068 
15.0000 1.4085 0.1434 22.0000 0.0140 
16.0000 1.4572 0.0576 10.0000 0.0093 
17.0000 1.3007 0.1045 14.0000 0.0098 
18.0000 1.2253 0.0529 9.0000 0.0086 
19.0000 1.1728 0.0913 9.0000 0.0171 
20.0000 1.2173 0.0871 9.0000 0.0183 
21.0000 1.2426 0.0395 8.0000 0.0112 
22.0000 1.2709 0.0932 8.0000 0.0195 
24.0000 1.3559 0.0612 6.0000 0.0123 
24.0000 1.3559 0.0187 4.0000 0.0075 
25.0000 1.4021 0.0230 5.0000 0.0098 
26.0000 1.4452 0.0916 12.0000 0.0132 
30.0000 1.4933 0.1324 12.0000 0.0701 
30.0000 1.4933 0.1901 10.0000 0.0277 
30.0000 1.4933 0.1774 9.0000 0.0348 
30.0000 1.4933 0.0755 32.0000 0.0120 
31.0000 1.5226 0.0949 10.0000 0.0193 
32.0000 1.4222 0.0453 10.0000 0.0101 
37.0000 1.5423 0.0431 16.0000 0.0042 
37.0000 1.5423 0.0187 5.0000 0.0068 
37.0000 1.5423 0.0417 45.0000 0.0066 
37.0000 1.5423 0.0394 20.0000 0.0093 
37.0000 1.5423 0.0224 15.0000 0.0057 
1.0000 2.1739 0.0565 9.0000 0.0106 
2.0000 0.8403 0.1189 9.0000 0.0243 
3.0000 0.5042 0.0353 6.0000 0.0037 
4.0000 0.6231 0.0616 15.0000 0.0060 
6.0000 0.7762 0.0282 10.0000 0.0050 
6.0000 0.7762 0.0246 15.0000 0.0026 
7.0000 0.8516 0.0540 11.0000 0.0074 
8.0000 0.5502 0.0482 8.0000 0.0204 
9.0000 0.3769 0.0589 10.0000 0.0089 
10.0000 0.3519 0.0345 8.0000 0.0124 
17.0000 0.5424 0.0146 11.0000 0.0028 
17.0000 0.5424 0.0111 30.0000 0.0046 
17.0000 0.5424 0.0105 8.0000 0.0025 
17.0000 0.5424 0.0332 16.0000 0.0073 
17.0000 0.5424 0.0385 12.0000 0.0049 
17.0000 0.5424 0.0051 3.0000 0.0029 
17.0000 0.5424 0.0387 25.0000 0.0064 
18.0000 0.5530 0.0399 108.0000 0.0058 
20.0000 0.5804 0.0524 7.0000 0.0148 
20.0000 0.5804 0.0345 5.0000 0.0117 
21.0000 0.6064 0.1047 10.0000 0.0183 
22.0000 0.6320 0.0812 9.0000 0.0119 
23.0000 0.6492 0.0387 6.0000 0.0131 
24.0000 0.6691 0.1025 11.0000 0.0261 
25.0000 0.6799 0.0524 8.0000 0.0120 
26.0000 0.7019 0.0915 11.0000 0.0124 
27.0000 0.7223 0.0528 10.0000 0.0141 
28.0000 0.7218 0.0679 9.0000 0.0129 
29.0000 0.7299 0.1013 11.0000 0.0125 
30.0000 0.7521 0.0623 9.0000 0.0118 
31.0000 0.7579 0.1003 11.0000 0.0138 
32.0000 0.7606 0.0133 9.0000 0.0069 
33.0000 0.7696 0.0230 9.0000 0.0104 
34.0000 0.7847 0.0389 10.0000 0.0060 
35.0000 0.7993 0.0364 11.0000 0.0071 
36.0000 0.7642 0.0470 9.0000 0.0113 
37.0000 0.7309 0.0571 8.0000 0.0161 
38.0000 0.7294 0.0250 6.0000 0.0082 
39.0000 0.6949 0.0655 8.0000 0.0133 
40.0000 0.7027 0.0598 9.0000 0.0111 
42.0000 0.7311 0.0331 8.0000 0.0098 
42.0000 0.7311 0.0425 10.0000 0.0003 
43.0000 0.7233 0.0609 9.0000 0.0138 
44.0000 0.7179 0.0485 9.0000 0.0110 
45.0000 0.6807 0.0880 11.0000 0.0100 
46.0000 0.6867 0.0433 10.0000 0.0079 
47.0000 0.6951 0.1184 11.0000 0.0190 
48.0000 0.6708 0.0106 3.0000 0.0033 
49.0000 0.6763 0.0928 6.0000 0.0236 
50.0000 0.6879 0.0213 4.0000 0.0079 
51.0000 0.6868 0.0805 10.0000 0.0209 
52.0000 0.6202 0.0539 9.0000 0.0135 
53.0000 0.6300 0.0803 11.0000 0.0096 
54.0000 0.5906 0.0687 10.0000 0.0135 
55.0000 0.5965 0.0222 8.0000 0.0075 
56.0000 0.5682 0.0283 8.0000 0.0061 
57.0000 0.5730 0.0476 9.0000 0.0075 
60.0000 0.5349 0.0657 8.0000 0.0216 
60.0000 0.5349 0.0922 13.0000 0.0075 
61.0000 0.5375 0.0476 7.0000 0.0123 
62.0000 0.5366 0.0201 5.0000 0.0089 
63.0000 0.5216 0.0560 8.0000 0.0137 
64.0000 0.4994 0.0531 7.0000 0.0091 
65.0000 0.4513 0.0600 8.0000 0.0213 
68.0000 0.4639 0.1770 10.0000 0.0307 
68.0000 0.4639 0.1658 11.0000 0.0294 
68.0000 0.4639 0.1637 11.0000 0.0238 
69.0000 0.4684 0.1321 12.0000 0.0148 
70.0000 0.4744 0.0201 4.0000 0.0026 
71.0000 0.4785 0.0877 13.0000 0.0141 
72.0000 0.4812 0.0252 5.0000 0.0089 
73.0000 0.4842 0.0900 12.0000 0.0117 
74.0000 0.4863 0.0388 12.0000 0.0074 
75.0000 0.4901 0.0705 10.0000 0.0188 
76.0000 0.4694 0.0535 6.0000 0.0223 
77.0000 0.4495 0.0718 10.0000 0.0150 
78.0000 0.4547 0.0674 10.0000 0.0138 
79.0000 0.4484 0.0761 10.0000 0.0136 
80.0000 0.4523 0.0188 7.0000 0.0024 
81.0000 0.4573 0.0605 9.0000 0.0154 
82.0000 0.4574 0.0649 10.0000 0.0135 
83.0000 0.4555 0.0405 9.0000 0.0079 
84.0000 0.4581 0.0315 7.0000 0.0095 
85.0000 0.4619 0.0504 8.0000 0.0091 
86.0000 0.4492 0.0453 9.0000 0.0105 
1.0000 0.2755 0.0270 8.0000 0.0072 
2.0000 0.3339 0.0888 10.0000 0.0155 
3.0000 0.2551 0.0739 10.0000 0.0087 
4.0000 0.2901 0.1036 10.0000 0.0142 
5.0000 0.3470 0.0385 5.0000 0.0170 
6.0000 0.3881 0.0433 8.0000 0.0116 
7.0000 0.4422 0.0447 8.0000 0.0115 
8.0000 0.4957 0.0326 5.0000 0.0160 
9.0000 0.5096 0.0318 7.0000 0.0137 
11.0000 0.4770 0.1433 10.0000 0.0210 
11.0000 0.4770 0.1051 12.0000 0.0150 
12.0000 0.5172 0.0679 12.0000 0.0084 
13.0000 0.5548 0.0758 9.0000 0.0176 
14.0000 0.5435 0.0593 9.0000 0.0163 
15.0000 0.5760 0.0988 11.0000 0.0200 
16.0000 0.5806 0.0709 20.0000 0.0095 
17.0000 0.6144 0.0727 7.0000 0.0181 
18.0000 0.6108 0.0325 8.0000 0.0126 
19.0000 0.5947 0.0081 7.0000 0.0147 
20.0000 0.5582 0.0350 6.0000 0.0131 
21.0000 0.5459 0.0201 4.0000 0.0021 
22.0000 0.5533 0.0692 8.0000 0.0144 
24.0000 0.5735 0.0560 9.0000 0.0127 
36.0000 0.8310 0.0159 9.0000 0.0062 
36.0000 0.8310 0.0185 6.0000 0.0076 
36.0000 0.8310 0.0037 3.0000 0.0024 
36.0000 0.8310 0.0069 5.0000 0.0024 
36.0000 0.8310 0.0273 9.0000 0.0071 
36.0000 0.8310 0.0301 6.0000 0.0081 
36.0000 0.8310 0.0268 9.0000 0.0064 
36.0000 0.8310 0.0262 8.0000 0.0072 
36.0000 0.8310 0.0194 7.0000 0.0054 
36.0000 0.8310 0.0166 16.0000 0.0068 
36.0000 0.8310 0.0271 6.0000 0.0073 
36.0000 0.8310 0.0177 5.0000 0.0113 
38.0000 0.8433 0.0372 5.0000 0.0110 
38.0000 0.8433 0.0163 4.0000 0.0079 
39.0000 0.8623 0.1083 11.0000 0.0150 
40.0000 0.8799 0.0323 8.0000 0.0121 
41.0000 0.8913 0.0089 4.0000 0.0025 
44.0000 0.9046 0.0366 69.0000 0.0069 
44.0000 0.9046 0.0561 18.0000 0.0069 
45.0000 0.9067 0.0659 12.0000 0.0047 
46.0000 0.9123 0.0864 10.0000 0.0157 
47.0000 0.9227 0.0221 5.0000 0.0061 
48.0000 0.9173 0.0429 8.0000 0.0119 
49.0000 0.8837 0.0435 8.0000 0.0133 
50.0000 0.8919 0.0599 11.0000 0.0125 
52.0000 0.8796 0.0326 4.0000 0.0064 
53.0000 0.8902 0.0567 8.0000 0.0144 
55.0000 0.9214 0.0424 8.0000 0.0146 
55.0000 0.9214 0.0298 3.0000 0.0142 
56.0000 0.9268 0.0563 7.0000 0.0162 
57.0000 0.9309 -0.0051 7.0000 0.0130 
58.0000 0.8963 0.1587 11.0000 0.0233 
59.0000 0.8232 0.0230 11.0000 0.0058 
61.0000 0.8495 0.0262 6.0000 0.0063 
61.0000 0.8495 0.0062 4.0000 0.0014 
62.0000 0.8592 0.0581 10.0000 0.0077 
63.0000 0.8662 0.0766 44.0000 0.0054 
64.0000 0.8382 0.0383 7.0000 0.0144 
1.0000 0.8475 0.0614 9.0000 0.0117 
2.0000 1.4815 0.0470 6.0000 0.0182 
3.0000 0.8671 0.0491 9.0000 0.0092 
4.0000 0.7678 0.0374 10.0000 0.0206 
5.0000 0.3514 0.0143 6.0000 0.0102 
6.0000 0.4124 0.0769 9.0000 0.0104 
7.0000 0.4065 0.0454 9.0000 0.0053 
8.0000 0.4459 0.0686 9.0000 0.0211 
9.0000 0.4831 0.0540 7.0000 0.0153 
10.0000 0.5171 0.0582 10.0000 0.0143 
11.0000 0.5584 0.0226 5.0000 0.0091 
12.0000 0.5408 0.0986 7.0000 0.0201 
1.0000 0.6803 0.0270 8.0000 0.0188 
2.0000 0.3063 0.0317 8.0000 0.0076 
3.0000 0.4213 0.1113 13.0000 0.0156 
4.0000 0.5487 0.1389 12.0000 0.0178 
5.0000 0.6729 0.0649 12.0000 0.0111 
6.0000 0.7916 0.0519 9.0000 0.0136 
7.0000 0.8838 0.0471 11.0000 0.0107 
8.0000 0.9627 0.0510 10.0000 0.0094 
9.0000 1.0078 0.0828 13.0000 0.0107 
10.0000 1.0515 0.0373 11.0000 0.0124 
11.0000 1.0138 0.0399 13.0000 0.0113 
12.0000 1.0860 0.0681 12.0000 0.0112 
13.0000 1.1159 0.1006 15.0000 0.0186 
14.0000 1.1391 0.0966 10.0000 0.0060 
15.0000 1.0424 0.0425 10.0000 0.0071 
16.0000 0.9462 0.0220 4.0000 0.0131 
17.0000 0.8781 0.0716 9.0000 0.0192 
18.0000 0.8318 0.0493 7.0000 0.0086 
19.0000 0.8333 0.0326 7.0000 0.0075 
20.0000 0.8532 0.0368 10.0000 0.0080 
22.0000 0.9027 0.1075 10.0000 0.0243 
22.0000 0.9027 0.0767 9.0000 0.0055 
23.0000 0.7912 0.0305 7.0000 0.0090 
24.0000 0.8084 0.0426 7.0000 0.0139 
25.0000 0.7532 0.0425 9.0000 0.0088 
26.0000 0.7287 0.2034 21.0000 0.0180 
27.0000 0.7519 0.1488 13.0000 0.0263 
29.0000 0.7969 0.1367 25.0000 0.0154 
29.0000 0.7969 0.1490 17.0000 0.0132 
31.0000 0.8419 0.1778 20.0000 0.0143 
31.0000 0.8419 0.1005 13.0000 -0.0095 
32.0000 0.8656 0.0956 11.0000 0.0010 
33.0000 0.8791 0.0520 10.0000 0.0109 
34.0000 0.8317 0.0636 9.0000 0.0162 
35.0000 0.8535 0.0513 6.0000 0.0048 
36.0000 0.8360 0.0433 8.0000 0.0061 
37.0000 0.8549 0.0517 7.0000 0.0064 
38.0000 0.8754 0.0397 5.0000 0.0144 
39.0000 0.8733 0.1384 8.0000 0.0134 
40.0000 0.7799 0.0924 11.0000 0.0153 
41.0000 0.6527 0.0972 11.0000 0.0115 
42.0000 0.6506 0.0462 8.0000 0.0132 
1.0000 3.4483 0.0222 5.0000 0.0052 
2.0000 1.8519 0.0402 9.0000 0.0096 
3.0000 1.4851 0.0421 7.0000 0.0132 
4.0000 0.9975 0.0604 11.0000 0.0076 
5.0000 1.1038 0.0425 10.0000 0.0074 
6.0000 0.9569 0.0132 4.0000 0.0070 
7.0000 1.0590 0.0472 11.0000 0.0082 
8.0000 1.0870 0.0367 7.0000 0.0099 
9.0000 0.9901 0.0289 7.0000 0.0078 
10.0000 1.0471 0.0085 15.0000 0.0057 
11.0000 1.1340 0.0227 10.0000 0.0069 
13.0000 1.1036 0.0422 10.0000 0.0194 
13.0000 1.1036 0.0641 112.0000 0.0095 
18.0000 1.3836 0.0331 11.0000 0.0045 
18.0000 1.3836 0.0123 5.0000 0.0058 
18.0000 1.3836 0.0168 5.0000 0.0056 
18.0000 1.3836 0.0198 10.0000 0.0049 
18.0000 1.3836 0.0190 9.0000 0.0034 
19.0000 1.2025 0.0455 8.0000 0.0143 
22.0000 1.2536 0.0372 70.0000 0.0070 
22.0000 1.2536 0.0575 17.0000 0.0076 
22.0000 1.2536 0.0332 9.0000 0.0078 
23.0000 1.2306 0.0276 7.0000 0.0078 
24.0000 1.1132 0.0372 11.0000 0.0076 
25.0000 1.1292 0.0288 9.0000 0.0048 
26.0000 1.0952 0.0274 6.0000 0.0094 
27.0000 1.1185 0.0368 9.0000 0.0069 
28.0000 1.1433 0.0260 9.0000 0.0064 
29.0000 1.1522 0.0290 6.0000 0.0099 
1.0000 1.1236 0.0265 7.0000 0.0077 
2.0000 1.5873 0.0428 9.0000 0.0083 
3.0000 2.1429 0.0392 8.0000 0.0097 
4.0000 1.3201 0.0850 10.0000 0.0135 
5.0000 1.5873 0.0264 6.0000 0.0042 
6.0000 1.8293 0.0457 8.0000 0.0127 
7.0000 1.7456 0.0634 10.0000 0.0134 
8.0000 1.9512 0.0129 5.0000 0.0073 
9.0000 1.9190 0.0217 5.0000 0.0084 
10.0000 1.9048 0.0313 8.0000 0.0063 
11.0000 2.0333 0.0714 8.0000 0.0208 
12.0000 1.1673 0.1013 12.0000 0.0129 
13.0000 1.2150 0.1070 10.0000 0.0256 
14.0000 1.2868 0.0730 10.0000 0.0149 
15.0000 1.2723 0.0726 13.0000 0.0125 
17.0000 1.3821 0.1224 17.0000 0.0246 
17.0000 1.3821 0.1324 17.0000 0.0085 
18.0000 1.4388 0.0405 9.0000 0.0093 
20.0000 1.3201 0.1110 43.0000 0.0187 
20.0000 1.3201 0.1004 18.0000 0.0177 
21.0000 1.3663 0.1331 13.0000 0.0143 
22.0000 1.4049 0.1230 12.0000 0.0165 
23.0000 1.4557 0.0929 11.0000 0.0168 
24.0000 1.5019 0.0919 12.0000 0.0092 
25.0000 1.5461 0.0550 9.0000 0.0120 
26.0000 1.5931 0.0480 8.0000 0.0129 
27.0000 1.6236 0.0500 10.0000 0.0100 
28.0000 1.6509 0.0579 9.0000 0.0113 
29.0000 1.4972 0.0175 4.0000 0.0045 
30.0000 1.5369 0.0133 8.0000 0.0113 
31.0000 1.3119 0.0469 10.0000 0.0123 
1.0000 1.7857 0.0544 10.0000 0.0166 
2.0000 0.4843 0.0320 8.0000 0.0074 
3.0000 0.3488 0.0537 8.0000 0.0122 
4.0000 0.4499 0.0516 9.0000 0.0071 
5.0000 0.5325 0.0253 9.0000 0.0116 
6.0000 0.6073 0.0390 12.0000 0.0059 
8.0000 0.7828 0.0456 7.0000 0.0082 
8.0000 0.7828 0.0063 4.0000 0.0006 
9.0000 0.7785 0.0351 9.0000 0.0079 
10.0000 0.7758 0.0357 7.0000 0.0129 
11.0000 0.7011 0.0628 9.0000 0.0160 
12.0000 0.5769 0.0236 8.0000 0.0060 
13.0000 0.5750 0.0227 6.0000 0.0083 
14.0000 0.5747 0.0568 10.0000 0.0076 
15.0000 0.5903 0.0818 10.0000 0.0150 
16.0000 0.5872 0.0818 8.0000 0.0180 
17.0000 0.6113 0.0388 11.0000 0.0059 
18.0000 0.6237 0.0518 10.0000 0.0104 
19.0000 0.6454 0.0437 8.0000 0.0121 
20.0000 0.6033 0.0384 6.0000 0.0112 
21.0000 0.6243 0.0521 8.0000 0.0132 
22.0000 0.6452 0.0407 9.0000 0.0075 
23.0000 0.6549 0.0661 11.0000 0.0100 
24.0000 0.6799 0.0506 12.0000 0.0061 
25.0000 0.6977 0.0447 8.0000 0.0111 
26.0000 0.7222 0.0503 9.0000 0.0109 
27.0000 0.7438 0.0445 10.0000 0.0093 
28.0000 0.7652 0.0289 10.0000 0.0089 
29.0000 0.7885 0.0513 14.0000 0.0116 
30.0000 0.8130 0.0254 7.0000 0.0080 
31.0000 0.7941 0.0706 9.0000 0.0123 
1.0000 3.5714 0.1414 9.0000 0.0174 
2.0000 2.3256 0.1393 12.0000 0.0153 
3.0000 1.4925 0.0242 4.0000 0.0050 
4.0000 1.8100 0.0625 12.0000 0.0104 
5.0000 1.4925 0.0406 5.0000 0.0140 
6.0000 1.1173 0.1035 8.0000 0.0119 
7.0000 1.1290 0.0854 9.0000 0.0108 
8.0000 1.0959 0.1285 12.0000 0.0154 
9.0000 1.1905 0.0759 6.0000 0.0214 
10.0000 1.1976 0.0563 10.0000 0.0097 
11.0000 1.2557 0.1063 13.0000 0.0074 
12.0000 1.2645 0.0773 12.0000 0.0118 
13.0000 1.2948 0.0502 8.0000 0.0111 
14.0000 1.3579 0.0920 12.0000 0.0137 
15.0000 1.3812 0.0772 12.0000 0.0111 
16.0000 1.3640 0.1000 11.0000 0.0198 
17.0000 1.4298 0.1031 8.0000 0.0124 
18.0000 1.4950 0.0394 6.0000 0.0128 
19.0000 1.5055 0.1049 13.0000 0.0127 
20.0000 1.5072 0.0775 11.0000 0.0125 
21.0000 1.5206 0.0650 10.0000 0.0108 
22.0000 1.5439 0.0658 8.0000 0.0165 
23.0000 1.5583 0.1060 10.0000 0.0205 
24.0000 1.5863 0.0597 11.0000 0.0095 
25.0000 1.5235 0.0503 8.0000 0.0090 
26.0000 1.5303 0.0496 10.0000 0.0079 
27.0000 1.5499 0.0617 11.0000 0.0093 
28.0000 1.4846 0.0325 7.0000 0.0100 
29.0000 1.4995 0.0564 11.0000 0.0095 
30.0000 1.5306 0.0556 8.0000 0.0135 
31.0000 1.5093 0.0746 8.0000 0.0178 
32.0000 1.4216 0.0640 10.0000 0.0139 
33.0000 1.4097 0.1184 11.0000 0.0159 
34.0000 1.4444 0.1238 10.0000 0.0182 
35.0000 1.4768 0.1201 11.0000 0.0143 
36.0000 1.5050 0.1252 11.0000 0.0166 
37.0000 1.5170 0.1236 9.0000 0.0179 
38.0000 1.5372 0.1174 12.0000 0.0156 
39.0000 1.3757 0.0339 8.0000 0.0087 
40.0000 1.2895 0.0268 10.0000 0.0042 
41.0000 1.2654 0.0339 8.0000 0.0094 
42.0000 1.2504 0.0122 4.0000 0.0050 
43.0000 1.2614 0.0951 11.0000 0.0155 
44.0000 1.2702 0.1128 10.0000 0.0167 
45.0000 1.2935 0.0966 10.0000 0.0181 
46.0000 1.2412 0.0751 9.0000 0.0132 
47.0000 1.2014 0.1125 11.0000 0.0146 
2.0000 0.8065 0.1167 28.0000 0.0195 
2.0000 0.8065 0.0409 7.0000 0.0001 
3.0000 0.9146 0.1132 16.0000 0.0147 
4.0000 1.1494 0.1346 15.0000 0.0126 
5.0000 1.2723 0.1688 24.0000 0.0148 
6.0000 1.1364 0.0574 26.0000 0.0107 
9.0000 1.4308 0.0636 48.0000 0.0061 
9.0000 1.4308 0.0301 29.0000 0.0064 
9.0000 1.4308 0.0114 5.0000 0.0046 
10.0000 1.2195 0.0451 8.0000 0.0171 
11.0000 1.3064 0.0210 8.0000 0.0099 
12.0000 1.3260 0.0312 6.0000 0.0103 
13.0000 1.2634 0.0843 6.0000 0.0135 
15.0000 1.3928 0.0648 6.0000 0.0181 
15.0000 1.3928 0.0452 11.0000 0.0111 
16.0000 1.0561 0.0639 14.0000 0.0089 
17.0000 1.0968 0.0432 10.0000 0.0086 
18.0000 1.0695 0.1116 35.0000 0.0270 
19.0000 1.1183 0.0874 13.0000 0.0122 
20.0000 1.1442 0.0480 10.0000 0.0046 
22.0000 1.1950 0.1096 8.0000 0.0335 
22.0000 1.1950 0.0828 8.0000 0.0071 
23.0000 1.1663 0.0544 11.0000 0.0123 
24.0000 1.1940 0.1334 14.0000 0.0114 
25.0000 1.2136 0.0386 8.0000 0.0090 
26.0000 1.2422 0.0779 13.0000 0.0128 
27.0000 1.2582 0.1214 24.0000 0.0060 
28.0000 1.2733 0.1130 13.0000 0.0395 
29.0000 1.3040 0.1469 7.0000 0.0335 
31.0000 1.3632 0.1274 15.0000 0.0390 
31.0000 1.3632 0.1525 7.0000 0.0362 
32.0000 1.3913 0.0673 8.0000 0.0207 
33.0000 1.3296 0.0730 10.0000 0.0146 
34.0000 1.3449 0.0637 8.0000 0.0075 
35.0000 1.3493 0.0236 8.0000 0.0103 
36.0000 1.3777 0.0661 10.0000 0.0136 
42.0000 1.5135 0.1150 25.0000 0.0185 
42.0000 1.5135 0.1680 10.0000 0.0360 
42.0000 1.5135 0.1982 11.0000 0.0281 
42.0000 1.5135 0.1862 41.0000 0.0273 
42.0000 1.5135 0.1843 12.0000 0.0271 
44.0000 1.4080 0.1128 16.0000 0.0183 
44.0000 1.4080 0.0822 21.0000 0.0197 
46.0000 1.4119 0.0496 8.0000 0.0304 
46.0000 1.4119 0.0868 20.0000 0.0068 
47.0000 1.4286 0.0370 10.0000 0.0064 
49.0000 1.4506 0.0493 56.0000 0.0075 
49.0000 1.4506 0.0481 14.0000 0.0032 
1.0000 0.7299 0.0287 8.0000 0.0051 
2.0000 0.3247 0.0268 10.0000 0.0047 
3.0000 0.4386 0.0324 17.0000 0.0095 
4.0000 0.4306 0.0427 31.0000 0.0066 
5.0000 0.5225 0.0786 10.0000 0.0184 
6.0000 0.6012 0.0306 7.0000 0.0145 
7.0000 0.6917 0.0325 9.0000 0.0091 
8.0000 0.7428 0.0768 10.0000 0.0151 
9.0000 0.6731 0.0418 7.0000 0.0107 
10.0000 0.7128 0.0538 8.0000 0.0156 
11.0000 0.5241 0.0330 9.0000 0.0059 
12.0000 0.4817 0.0311 37.0000 0.0055 
13.0000 0.4869 0.0272 9.0000 0.0055 
14.0000 0.5076 0.0228 6.0000 0.0071 
16.0000 0.5735 0.0357 9.0000 0.0070 
16.0000 0.5735 0.0273 5.0000 0.0100 
1.0000 0.7299 0.0287 8.0000 0.0051 
2.0000 0.3247 0.0268 10.0000 0.0047 
3.0000 0.4386 0.0324 17.0000 0.0095 
4.0000 0.4306 0.0427 31.0000 0.0066 
1.0000 0.7299 0.0287 8.0000 0.0051 
2.0000 0.3247 0.0268 10.0000 0.0047 
3.0000 0.4386 0.0324 17.0000 0.0095 
4.0000 0.4306 0.0427 31.0000 0.0066 
5.0000 0.5225 0.0786 10.0000 0.0184 
6.0000 0.6012 0.0306 7.0000 0.0145 
7.0000 0.6917 0.0325 9.0000 0.0091 
8.0000 0.7428 0.0768 10.0000 0.0151 
9.0000 0.6731 0.0418 7.0000 0.0107 
10.0000 0.7128 0.0538 8.0000 0.0156 
11.0000 0.5241 0.0330 9.0000 0.0059 
12.0000 0.4817 0.0311 37.0000 0.0055 
13.0000 0.4869 0.0272 9.0000 0.0055 
14.0000 0.5076 0.0228 6.0000 0.0071 
16.0000 0.5735 0.0357 9.0000 0.0070 
16.0000 0.5735 0.0273 5.0000 0.0100 
1.0000 0.7299 0.0287 8.0000 0.0051 
1.0000 0.7299 0.0287 8.0000 0.0051 
2.0000 0.3247 0.0268 10.0000 0.0047 
3.0000 0.4386 0.0324 17.0000 0.0095 
4.0000 0.4306 0.0427 31.0000 0.0066 
5.0000 0.5225 0.0786 10.0000 0.0184 
6.0000 0.6012 0.0306 7.0000 0.0145 
7.0000 0.6917 0.0325 9.0000 0.0091 
8.0000 0.7428 0.0768 10.0000 0.0151 
9.0000 0.6731 0.0418 7.0000 0.0107 
10.0000 0.7128 0.0538 8.0000 0.0156 
11.0000 0.5241 0.0330 9.0000 0.0059 
12.0000 0.4817 0.0311 37.0000 0.0055 
13.0000 0.4869 0.0272 9.0000 0.0055 
14.0000 0.5076 0.0228 6.0000 0.0071 
16.0000 0.5735 0.0357 9.0000 0.0070 
16.0000 0.5735 0.0273 5.0000 0.0100 
1.0000 0.4329 0.1000 10.0000 0.0206 
4.0000 1.7778 0.0082 4.0000 0.0032 
4.0000 1.7778 0.0350 16.0000 0.0059 
4.0000 1.7778 0.0456 21.0000 0.0045 
4.0000 1.7778 0.0167 11.0000 0.0025 
5.0000 1.2107 0.0316 9.0000 0.0098 
6.0000 1.1173 0.0272 13.0000 0.0062 
8.0000 1.0217 0.1548 7.0000 0.0499 
8.0000 1.0217 0.1436 34.0000 0.0038 
9.0000 1.0601 0.0580 51.0000 0.0107 
10.0000 1.0893 0.0705 7.0000 0.0162 
11.0000 1.1665 0.0363 13.0000 0.0112 
13.0000 1.0888 0.2127 32.0000 0.0606 
14.0000 1.1120 0.1749 46.0000 0.0171 
15.0000 1.0791 0.0319 9.0000 0.0073 
16.0000 1.1111 0.0507 17.0000 0.0086 
17.0000 1.1318 0.1168 17.0000 0.0131 
18.0000 1.1187 0.1304 11.0000 0.0157 
20.0000 1.1621 0.0964 9.0000 0.0211 
21.0000 1.1570 0.0959 9.0000 0.0065 
22.0000 1.1364 0.0521 10.0000 0.0091 
23.0000 1.1723 0.0358 7.0000 0.0075 
24.0000 1.1759 0.0214 6.0000 0.0060 
25.0000 1.0707 0.0475 10.0000 0.0074 
27.0000 1.0457 0.1130 7.0000 0.0410 
28.0000 1.0716 0.0528 19.0000 0.0116 
29.0000 1.0186 0.0456 7.0000 0.0131 
30.0000 1.0338 0.0351 8.0000 0.0104 
31.0000 1.0562 0.0434 10.0000 0.0067 
32.0000 1.0286 0.0562 18.0000 0.0092 
33.0000 1.0361 0.0486 10.0000 0.0101 
35.0000 1.0539 0.0646 12.0000 0.0109 
36.0000 1.0036 0.0289 5.0000 0.0042 
37.0000 1.0283 0.1359 8.0000 0.0138 
38.0000 1.0523 0.0875 7.0000 0.0123 
40.0000 1.0953 0.0682 6.0000 0.0182 
41.0000 1.0971 0.1399 20.0000 0.0027 
42.0000 1.1053 0.1242 13.0000 0.0123 
43.0000 1.1045 0.1211 10.0000 0.0154 
44.0000 1.1058 0.0560 9.0000 0.0117 
45.0000 1.1256 0.0635 12.0000 0.0143 
47.0000 1.1347 0.0296 5.0000 0.0143 
48.0000 1.1431 0.0432 15.0000 0.0294 
49.0000 1.1241 0.1335 11.0000 0.0146 
50.0000 1.1307 0.1038 12.0000 0.0133 
51.0000 1.1463 0.1117 10.0000 0.0121 
52.0000 1.1556 0.1074 10.0000 0.0163 
53.0000 1.1610 0.0755 10.0000 0.0143 
54.0000 1.1772 0.0607 8.0000 0.0146 
55.0000 1.1270 0.0789 9.0000 0.0187 
56.0000 1.1178 0.0369 6.0000 0.0143 
57.0000 1.1256 0.0463 11.0000 0.0070 
58.0000 1.1240 0.1173 14.0000 0.0171 
59.0000 1.1383 0.1382 12.0000 0.0185 
60.0000 1.1035 0.0737 12.0000 0.0177 
62.0000 1.0452 0.0492 10.0000 0.0065 
62.0000 1.0452 0.0095 5.0000 0.0038 
63.0000 1.0539 0.0458 6.0000 0.0148 
64.0000 1.0589 0.0313 7.0000 0.0107 
65.0000 1.0128 0.0797 9.0000 0.0269 
66.0000 1.0263 0.0970 10.0000 0.0171 
67.0000 1.0069 0.0526 8.0000 0.0132 
68.0000 0.9904 0.0618 10.0000 0.0136 
69.0000 1.0000 0.0519 9.0000 0.0112 
70.0000 0.9933 0.0518 11.0000 0.0090 
71.0000 1.0000 0.0617 10.0000 0.0068 
72.0000 1.0007 0.0591 14.0000 0.0122 
73.0000 0.9704 0.0449 9.0000 0.0099 
74.0000 0.9733 0.0250 5.0000 0.0091 
75.0000 0.9580 0.1040 20.0000 0.0145 
76.0000 0.9538 0.0520 6.0000 0.0158 
77.0000 0.9383 0.0394 14.0000 0.0080 
78.0000 0.9341 0.0363 8.0000 0.0092 
79.0000 0.9278 0.0351 8.0000 0.0108 
80.0000 0.9306 0.1479 12.0000 0.0131 